5,2,1
9,2,2
14,3,3
14,3,3
18,4,4
22,5,4
26,6,5
31,7,6
35,8,7
39,9,8
43,10,8
48,11,9
52,12,10
56,13,11
60,14,11
65,15,12
69,16,13
73,17,14
78,18,14
82,19,15
86,20,16
90,21,17
95,22,18
99,22,18
103,23,19
107,24,20
112,25,21
116,26,21
120,27,22
129,29,24
129,29,24
133,30,25
141,32,26
146,33,27
150,34,28
150,34,28
154,35,28
163,37,30
167,38,31
171,39,31
175,40,32
180,41,33
184,41,34
188,42,35
193,43,35
193,43,35
201,45,37
205,46,38
210,47,38
214,48,39
214,48,39
216,54,45
217,58,50
217,62,54
218,66,58
218,66,58
220,75,67
221,79,71
221,83,75
222,87,80
222,87,80
223,91,84
224,99,92
225,103,97
226,107,101
227,111,105
227,111,105
228,120,114
229,124,118
230,128,122
231,132,127
232,136,131
232,140,135
233,144,140
234,148,144
235,152,148
236,157,152
236,161,157
237,165,161
238,169,165
239,173,169
240,177,174
240,181,178
241,185,182
242,189,187
243,194,191
244,198,195
244,202,199
245,206,204
246,210,208
247,214,212
247,218,217
248,222,221
249,226,225
250,230,229
251,235,234
251,235,234
252,243,242
252,243,242
254,251,251
